1 0.04431726094003241 0.5413290113452188 0.09355866198451288 0.526742301458671 0.1388607509454349 0.5072933549432739 0.1506786871961102 0.48946515397082657 0.12408833063209075 0.4764991896272285 0.08961934990095444 0.4813614262560778 0.055150369169818116 0.5105348460291734
1 0.08272555375472718 0.3873581847649919 0.12408833063209075 0.38087520259319285 0.1506786871961102 0.37115072933549426 0.16742076355123356 0.35980551053484605 0.1605269674050063 0.3338735818476499 0.13295178282009723 0.33873581847649914 0.10143728615162974 0.35008103727714757 0.085680037817396 0.36304700162074555
1 0.27378218980731134 0.39384116693679094 0.2915090941833243 0.4213938411669368 0.3259780749144606 0.4051863857374392 0.3850677561678372 0.3824959481361427 0.44021812533765536 0.35170178282009723 0.46582365388078517 0.3338735818476499 0.4746871060687916 0.3192868719611021 0.473702278047902 0.29497568881685576 0.4480967495047722 0.28687196110210694 0.4136277687736359 0.2884927066450567 0.36734085179182424 0.3095623987034036 0.3348415271024671 0.34197730956239863 0.2984028903295516 0.3646677471636954
1 0.5377160994057266 0.4392220421393841 0.5288526472177201 0.46677471636953 0.5347616153430578 0.4764991896272285 0.5662761120115253 0.46515397082658017 0.5977906086799928 0.4505672609400324 0.6283202773275707 0.4213938411669368 0.649986493787142 0.40032414910859 0.6204416531604537 0.3889789303079417 0.5505188636772915 0.419773095623987
1 0.4215063929407527 0.5040518638573744 0.3693105078336034 0.5218800648298217 0.34862911939492164 0.5089141004862237 0.3309022150189087 0.5251215559157212 0.320069106789123 0.5429497568881686 0.3003725463713308 0.5769854132901134 0.27575184584909057 0.6029173419773096 0.29643323428777235 0.6239870340356564 0.33188704303979827 0.6126418152350082 0.36734085179182424 0.6012965964343598 0.41461259679452545 0.5786061588330632 0.47173262200612276 0.5332252836304701 0.4746871060687916 0.5186385737439222 0.4520360615883306 0.4959481361426256
1 0.3259780749144606 0.8476499189627229 0.3338566990815775 0.8719611021069692 0.365371195750045 0.8460291734197731 0.3998401764811813 0.8282009724473258 0.42347604898253194 0.80064829821718 0.4165822528363046 0.7763371150729336 0.3850677561678372 0.7974068071312804 0.3594622276247074 0.8103727714748784 0.33976566720691515 0.8282009724473258
1 0.582033360345759 0.8444084278768232 0.5918816405546551 0.8622366288492707 0.6371837295155771 0.8282009724473258 0.6696830542049342 0.7974068071312804 0.685440302539168 0.7811993517017828 0.6765768503511616 0.7601296596434359 0.6480168377453627 0.7893030794165316
1 0.5928664685755447 0.6256077795786061 0.6155175130560058 0.6450567260940032 0.6430926976409148 0.6304700162074555 0.6815009904556095 0.6142625607779578 0.7011975508734019 0.6110210696920584 0.7780141365027913 0.5299837925445705 0.7829382766072392 0.5056726094003241 0.7602872321267783 0.4846029173419773 0.7287727354583108 0.5024311183144247 0.708091347019629 0.4975688816855753 0.6943037547271744 0.4991896272285251 0.6775616783720512 0.5170178282009724 0.6746071943093823 0.5348460291734197 0.6361989014946875 0.5575364667747164 0.6165023410768954 0.5834683954619124
1 0.8469520979650639 0.44246353322528365 0.8656638303619666 0.4505672609400324 0.8883148748424274 0.4359805510534846 0.9030872951557716 0.413290113452188 0.897178327030434 0.40032414910859 0.8676334864037457 0.40842787682333875
1 0.5780940482622006 0.25121555915721233 0.599760264721772 0.2593192868719611 0.6302899333693499 0.233387358184765 0.6371837295155771 0.21555915721231766 0.6184719971186745 0.21231766612641814 0.5958209526382136 0.23176661264181522
