1 0.05410447761194029 0.8936567164179103 0.36007462686567165 0.8955223880597015 0.38246268656716415 0.8190298507462687 0.46455223880597013 0.8227611940298507 0.498134328358209 0.8917910447761195 0.8488805970149254 0.8973880597014925 0.9384328358208955 0.8824626865671642 0.8768656716417911 0.957089552238806 0.13246268656716417 0.9552238805970148 0.08582089552238806 0.9421641791044776 0.07835820895522388 0.9104477611940298 0.06529850746268656 0.9160447761194029
2 0.5932835820895522 0.8339552238805971 0.6324626865671642 0.8152985074626866 0.746268656716418 0.8171641791044776 0.7518656716417911 0.7910447761194029 0.7779850746268657 0.7910447761194029 0.7835820895522388 0.8134328358208955 0.9272388059701493 0.8134328358208955 0.9440298507462687 0.8339552238805971
1 0.07649253731343283 0.7444029850746269 0.8861940298507462 0.7518656716417911 0.9347014925373134 0.7052238805970148 0.8824626865671642 0.6958955223880597 0.417910447761194 0.6977611940298507 0.4216417910447761 0.625 0.31716417910447764 0.6231343283582089 0.32089552238805974 0.6940298507462687 0.07649253731343283 0.6996268656716418
1 0.5485074626865671 0.6324626865671642 0.9347014925373134 0.6361940298507462 0.951492537313433 0.5988805970149254 0.9104477611940298 0.5970149253731343 0.8917910447761195 0.5615671641791045 0.826492537313433 0.5615671641791045 0.7910447761194029 0.5895522388059702 0.7444029850746269 0.6007462686567164 0.7257462686567164 0.5746268656716418 0.6660447761194029 0.5802238805970149 0.6007462686567164 0.5951492537313433 0.5559701492537313 0.6044776119402985
1 0.06902985074626866 0.6119402985074627 0.17164179104477612 0.6175373134328358 0.19402985074626866 0.5914179104477612 0.07835820895522388 0.582089552238806
1 0.06716417910447761 0.5074626865671642 0.30970149253731344 0.5130597014925373 0.31716417910447764 0.4832089552238806 0.2891791044776119 0.4552238805970149 0.2332089552238806 0.458955223880597 0.16791044776119401 0.458955223880597 0.10074626865671642 0.46455223880597013 0.09888059701492537 0.4328358208955223 0.08208955223880597 0.43470149253731344 0.07835820895522388 0.457089552238806 0.059701492537313425 0.47388059701492535
1 0.4197761194029851 0.5074626865671642 0.914179104477612 0.5149253731343284 0.9496268656716418 0.457089552238806 0.6921641791044776 0.44776119402985076 0.6809701492537313 0.41044776119402987 0.6436567164179103 0.36567164179104483 0.6156716417910447 0.3973880597014926 0.5951492537313433 0.42723880597014924 0.5914179104477612 0.4552238805970149 0.4197761194029851 0.4533582089552239
1 0.458955223880597 0.3582089552238806 0.5951492537313433 0.3582089552238806 0.6082089552238806 0.333955223880597 0.4626865671641791 0.333955223880597
1 0.7332089552238805 0.35634328358208955 0.8955223880597015 0.3619402985074627 0.9365671641791045 0.33582089552238803 0.875 0.32276119402985076 0.7835820895522388 0.31716417910447764 0.7518656716417911 0.33582089552238803
1 0.04291044776119403 0.3582089552238806 0.375 0.36007462686567165 0.40671641791044777 0.3414179104477612 0.291044776119403 0.33582089552238803 0.2630597014925373 0.31529850746268656 0.25 0.292910447761194 0.22574626865671643 0.31716417910447764 0.20522388059701493 0.31156716417910446 0.1791044776119403 0.30597014925373134 0.16417910447761194 0.31343283582089554 0.13992537313432835 0.3246268656716418 0.11753731343283583 0.33955223880597013
1 0.06343283582089553 0.251865671641791 0.417910447761194 0.2537313432835821 0.4421641791044777 0.22761194029850745 0.3302238805970149 0.2332089552238806 0.32276119402985076 0.20708955223880599 0.31343283582089554 0.17164179104477612 0.2947761194029851 0.20149253731343283 0.27052238805970147 0.20708955223880599 0.26492537313432835 0.2294776119402985 0.2388059701492537 0.23134328358208955 0.24067164179104478 0.20522388059701493 0.18097014925373134 0.21082089552238806 0.17164179104477612 0.22761194029850745 0.05410447761194029 0.22761194029850745
1 0.539179104477612 0.2593283582089552 0.9123134328358209 0.2630597014925373 0.9589552238805971 0.23507462686567165 0.8078358208955224 0.22761194029850745 0.8059701492537313 0.1865671641791045 0.7649253731343283 0.16977611940298507 0.7406716417910446 0.20149253731343283 0.7089552238805971 0.1865671641791045 0.710820895522388 0.166044776119403 0.6902985074626866 0.19402985074626866 0.6660447761194029 0.208955223880597 0.6361940298507462 0.21082089552238806 0.6305970149253731 0.2388059701492537 0.5466417910447762 0.23694029850746268
1 0.05783582089552239 0.13432835820895522 0.43656716417910446 0.13992537313432835 0.4664179104477612 0.11567164179104478 0.38992537313432835 0.11380597014925373 0.33582089552238803 0.10634328358208955 0.3246268656716418 0.07462686567164178 0.30597014925373134 0.04291044776119403 0.2947761194029851 0.08022388059701493 0.27052238805970147 0.1044776119402985 0.24626865671641793 0.09328358208955224 0.2332089552238806 0.059701492537313425 0.2126865671641791 0.0708955223880597 0.22201492537313436 0.10634328358208955 0.15298507462686567 0.09701492537313433 0.12126865671641791 0.11194029850746269
1 0.5223880597014925 0.13805970149253732 0.5223880597014925 0.11567164179104478 0.5932835820895522 0.11940298507462685 0.6007462686567164 0.08955223880597014 0.6455223880597015 0.08022388059701493 0.6884328358208955 0.06902985074626866 0.7238805970149254 0.09141791044776121 0.7649253731343283 0.08955223880597014 0.7611940298507462 0.026119402985074626 0.7947761194029852 0.026119402985074626 0.792910447761194 0.08395522388059701 0.8656716417910446 0.10261194029850747 0.9253731343283582 0.11007462686567164 0.9496268656716418 0.1044776119402985 0.9253731343283582 0.13619402985074627
